4672
2883
0
4595
872
2306
3587
4221
3220
4873
3237
0
0
2196
298
3332
1730
3850
4286
2896
3602
3212
0
2892
1620
987
3021
4314
1072
0
0
2872
4031
3780
2879
4085
1121
1837
2367
1535
233
920
3164
1386
898
0
0
2235
1832
4500
2769
0
2742
0
0
0
2127
830
269
3011
0
4587
4860
2254
909
0
182
0
0
3821
0
0
0
3859
0
3875
31
583
3115
2763
2530
4357
3601
0
4316
388
4950
4024
0
710
3260
2533
363
2713
3344
0
116
4133
170
818
1067
0
2521
0
1022
61
0
4505
4034
1858
3272
4736
4089
1881
4815
0
4353
1871
0
1065
2562
0
4840
4956
284
3786
2152
0
2083
3005
3005
762
0
2648
0
325
0
4678
4891
4320
2245
3869
0
3849
4369
0
1989
2561
2678
4761
1525
550
372
0
0
103
0
3508
0
2527
0
4146
3782
3536
1122
151
689
3151
1663
4797
2385
3628
3560
3952
3004
4858
3588
1124
4076
179
0
785
3806
51
186
4376
1366
239
0
2841
888
4804
0
2906
0
2756
4248
0
0
0
0
507
3005
625
2895
608
2566
1128
1798
2660
3764
2577
0
4322
0
0
0
1215
4611
0
3352
2909
2725
2586
0
0
0
2778
0
2285
4888
2991
1542
4714
4051
0
2711
4283
3873
1657
2500
1327
0
3746
3187
0
0
550
876
2591
0
2102
0
3545
0
2500
0
2643
2232
0
871
0
4278
0
3389
1685
1558
4207
4614
0
0
4373
203
3255
3513
3390
3821
0
356
3386
0
0
167
3270
0
0
0
1040
216
0
2302
1358
4310
0
1813
2840
4323
534
106
4680
807
0
3833
800
1503
2366
0
0
237
325
1812
3905
4915
4691
521
0
4952
1580
2666
121
0
3121
1203
0
292
4535
3365
4565
0
3308
0
2164
4111
0
3538
1522
1055
4566
3112
33
4826
0
3060
3567
1857
2137
0
2863
4649
4948
0
1853
3961
4261
2853
3806
0
0
2530
3013
679
762
4768
0
232
4625
3328
1608
0
181
0
4630
3624
3237
0
118
0
4575
3564
1593
1281
3824
1143
3801
1280
215
2771
2583
4617
3965
1168
4276
0
4809
0
822
4003
4376
893
531
0
212
0
3120
3927
0
0
4718
55
0
1302
0
1711
4567
0
2705
0
4501
3895
0
3526
3856
2630
1307
4362
4025
2925
2056
2530
4107
1600
1203
4700
2275
0
4365
0
0
205
3931
0
1532
4358
2005
3152
1951
2720
0
1281
3906
730
4365
811
4814
321
2575
0
0
2609
0
514
4152
561
3127
0
0
0
2360
0
1776
1923
4578
0
0
3526
3558
361
4622
2821
2713
4186
0
1505
0
4237
0
0
741
2188
1236
2648
4132
4766
4951
4165
4894
1277
0
752
3396
3155
0
815
1090
0
4950
2878
521
1341
0
0
0
4525
3636
3997
0
3774
3125
538
4166
1512
2370
271
514
3153
552
3349
0
2643
0
385
1676
1612
3383
0
4385
2621
830
0
3722
4598
0
2025
4519
4310
0
0
0
3912
4033
4582
854
0
0
0
2509
2988
743
760
500
1307
4383
0
0
4307
0
534
1268
4560
4512
0
0
4803
2683
0
0
3832
3842
1135
0
0
4517
3523
0
0
0
133
1510
1257
0
3124
0
0
1080
0
1553
3367
4374
3608
0
2091
2704
4834
371
1282
1903
231
738
0
4935
875
791
4507
0
395
4720
0
3390
3302
2777
0
243
3618
3309
1115
2225
0
1726
3320
2570
0
2720
0
1832
0
94
0
2017
1071
3528
0
3957
0
0
0
1352
1546
4518
789
3764
0
0
4236
3821
4577
1553
2246
855
1570
678
2639
4660
2751
2135
3212
4962
4205
0
4203
167
0
4608
2861
2079
969
0
662
3347
1835
4796
630
26
2069
2111
637
0
4661
0
4008
4862
1691
0
0
2821
1106
2768
4140
1068
927
355
1789
0
2762
1566
3318
4281
2127
2868
3192
4658
0
0
1740
1757
4886
733
0
0
3278
3678
801
0
0
2187
266
1543
2128
1514
398
178
0
3684
958
1559
4832
0
1621
3645
1178
1522
4
0
4765
251
4838
662
1367
4836
2741
1061
3568
0
33
3663
4650
0
2557
537
0
1107
4740
0
0
2168
2093
1780
0
2671
1011
1954
0
0
1654
3619
981
787
25
3036
0
163
0
0
3070
0
4368
2828
0
0
3015
0
0
3027
0
0
1374
658
3057
3145
2097
3387
4222
512
3555
1378
0
0
0
1623
4216
4583
0
0
3581
3276
4020
4556
0
3022
2022
0
3525
0
0
0
990
3038
1588
1376
2559
2818
0
4904
0
2235
0
4217
2224
0
1089
4089
0
0
4273
0
859
3382
0
1185
587
606
2010
2213
4620
4028
862
4343
4165
591
4180
0
0
660
3311
1280
2572
771
3336
0
558
756
4638
2383
4775
3036
0
105
0
0
0
2782
0
1025
0
3212
4233
2386
0
1237
1675
35
2551
3230
0
0
4873
2317
816
0
0
181
4770
3803
2177
3729
0
0
4028
0
1820
4521
4589
216
1508
2271
3871
3376
2261
4834
586
4532
0
4504
4348
4138
3366
1718
2120
359
4772
1875
4824
0
0
4235
1683
2284
0
0
0
2179
4264
1022
3119
1637
2706
0
3116
1360
3510
0
3260
1128
82
0
3001
3364
0
138
2320
0
1266
0
2799
1971
2268
0
4722
4787
3754
2263
1537
0
1102
3871
3073
1853
2038
0
0
2316
1922
3358
4820
1123
3561
4522
1810
0
0
0
2835
2194
0
3376
4685
969
692
2028
4330
0
